Jogo recomendado com maior probabilidade:
----------------------------------------
02 03 05 06 08 10 11 15 16 19 20 21 22 24 25

Últimos 10 jogos sorteados:
----------------------------------------
Concurso 3339: 03 04 05 09 10 11 12 13 14 16 17 19 21 24 25
Concurso 3338: 01 02 04 06 07 09 10 13 14 15 16 18 21 24 25
Concurso 3337: 01 03 04 05 07 08 10 11 14 15 16 18 19 23 24
Concurso 3336: 01 05 06 07 11 14 15 16 17 19 20 21 22 23 25
Concurso 3335: 01 02 03 05 07 08 09 11 12 15 17 18 19 20 25
Concurso 3334: 02 03 04 06 08 11 14 15 16 17 19 20 22 23 25
Concurso 3333: 01 03 04 05 08 09 11 13 15 19 20 21 22 24 25
Concurso 3332: 01 04 05 06 07 08 09 11 15 16 17 18 19 20 21
Concurso 3331: 03 05 06 07 08 09 10 11 12 15 17 18 21 23 25
Concurso 3330: 01 02 07 09 10 12 13 14 15 18 21 22 23 24 25
